100
4
10 5 15 5
2
100 100
8
81 81 81 81 81 81 81 0
6
23 90 40 0 100 9
2
0 0
10
100 0 100 0 100 0 100 0 100 0
10
100 100 100 100 100 100 100 100 100 0
5
5 53 41 61 25
6
30 6 79 68 91 94
7
15 97 5 25 38 74 68
8
21 31 22 88 56 51 93 32
9
50 16 1 69 17 3 8 46 22
10
31 95 83 92 68 42 20 96 37 7
10
62 86 31 51 78 86 61 78 99 16
10
57 86 57 66 59 98 13 73 25 55
10
50 68 11 78 41 23 0 15 77 60
10
29 3 37 18 93 68 45 14 49 16
10
14 10 6 29 65 48 91 25 39 75
10
29 73 62 53 82 42 51 79 88 56
10
89 2 93 72 62 22 17 47 52 89
10
6 35 86 26 17 7 56 30 70 96
10
6 35 31 79 31 97 99 72 77 25
10
53 99 60 27 40 14 47 72 79 34
10
51 33 8 18 65 99 23 88 39 65
10
8 95 86 59 74 70 99 21 43 7
10
91 76 69 41 61 69 60 22 53 81
10
90 41 33 86 94 74 86 47 74 60
10
33 3 66 49 23 15 0 47 26 44
10
59 56 55 92 29 32 69 31 9 46
10
35 25 37 50 47 17 59 84 53 73
10
68 96 28 93 18 98 66 15 93 92
10
55 93 58 26 59 91 89 6 46 60
10
29 29 55 34 32 34 47 57 35 9
10
72 54 18 14 64 6 0 19 17 91
10
63 92 56 3 74 63 23 4 20 4
10
27 77 68 33 12 62 41 42 92 93
10
86 19 94 78 65 6 36 28 97 43
10
43 1 68 44 90 7 63 17 46 63
10
26 17 79 88 89 93 97 60 14 67
10
11 37 89 73 83 35 40 5 81 39
10
97 16 94 78 27 81 92 49 97 54
10
90 71 5 83 13 69 14 18 8 82
10
38 36 29 24 53 14 66 66 70 93
10
58 94 69 29 55 7 49 8 74 54
10
57 91 45 66 39 83 36 55 62 52
10
99 82 64 13 39 97 94 75 54 68
10
95 70 2 44 0 80 81 49 0 13
10
13 88 62 40 74 85 46 78 61 52
10
57 4 30 91 20 55 27 42 11 80
10
21 9 88 55 30 65 0 14 0 63
10
83 5 86 99 31 85 96 62 12 62
10
62 83 47 26 83 23 98 58 3 95
10
3 6 6 98 3 29 67 46 53 81
10
54 28 79 20 99 60 17 89 19 72
10
32 66 25 10 59 39 73 0 13 52
10
75 81 22 15 84 45 1 14 40 60
10
58 78 17 1 51 84 40 91 80 35
10
27 71 32 43 27 68 2 24 4 36
10
66 75 64 55 57 90 49 20 21 86
10
22 33 16 73 70 26 27 84 29 88
10
74 92 16 56 43 51 9 36 21 23
10
15 77 86 24 24 71 78 90 58 43
10
65 64 12 79 80 71 4 93 1 35
10
79 61 14 95 83 41 46 47 65 24
10
5 92 58 58 46 44 49 37 87 78
10
15 93 6 90 57 88 6 47 29 5
10
29 36 88 94 54 76 59 26 91 28
10
5 20 85 63 90 4 29 2 25 34
10
43 19 70 3 37 80 59 43 27 12
10
94 29 40 92 77 43 49 35 20 97
10
87 62 40 25 43 74 54 45 33 18
10
29 5 77 97 48 96 59 71 33 53
10
8 84 21 55 91 62 35 70 44 78
10
68 74 10 16 67 91 3 15 67 64
10
0 31 51 27 19 14 9 84 72 56
10
97 72 50 70 30 7 46 23 76 91
10
20 4 3 22 77 17 16 11 68 90
10
32 93 31 81 20 88 67 97 95 55
10
44 78 62 6 8 38 54 65 49 13
10
12 86 89 55 38 95 6 92 84 12
10
71 16 3 71 76 83 61 57 47 56
10
67 36 32 40 96 48 59 18 75 56
10
80 44 50 26 54 52 93 38 44 13
10
93 80 26 6 2 96 36 54 18 1
10
9 45 86 2 60 72 60 87 63 41
10
84 30 59 66 97 59 63 49 67 18
10
61 82 56 83 56 21 7 13 20 13
10
71 23 15 12 92 90 68 29 6 76
10
86 96 39 68 24 13 69 83 80 34
10
34 39 27 87 95 22 77 15 48 93
10
96 49 53 91 98 68 69 51 90 74
10
40 36 74 71 8 51 3 1 38 7
10
16 47 21 57 52 4 50 86 69 13
10
81 61 40 77 94 23 55 79 31 78
10
41 8 86 58 39 3 7 5 97 38
10
6 52 98 19 23 90 60 16 57 28
10
77 39 75 36 23 33 37 64 63 95
10
13 38 4 76 42 37 21 39 27 23
10
90 76 26 44 74 75 61 26 66 91
10
12 75 46 6 44 88 23 2 99 25
