100
2 4
10 5
3 12
7 7 7
3 12
4 2 1
5 1000000000
25 25 25 25 25
2 2
1 1
5 5
1 1 1 1 1
5 448257424
1 2 3 4 5
5 915742169
18 7 21 11 25
5 951188360
2 2 2 2 2
5 276938241
14 14 14 14 14
5 984596568
10 10 10 10 10
5 300752411
16 16 16 16 16
5 442308028
3 3 3 3 3
5 275685832
10 10 10 10 10
5 72210014
14 14 14 14 14
5 437071489
20 20 20 20 20
5 958587668
1 1 1 1 1
5 785669857
3 3 3 3 3
5 641544502
9 9 9 9 9
5 291870905
8 8 8 8 8
5 35676282
5 5 5 5 5
5 105965753
5 5 5 5 5
5 790857137
14 14 14 14 14
5 582495013
22 22 22 22 22
5 741797817
24 24 24 24 24
5 686898147
16 16 16 16 16
5 53121494
5 5 5 5 5
5 134587930
3 3 3 3 3
5 262294378
5 5 5 5 5
5 516231453
18 18 18 18 18
5 246638117
1 1 1 1 1
5 106865644
18 18 18 18 18
5 194261211
19 19 19 19 19
5 867909895
1 2 3 4 5
5 468405007
1 2 3 4 5
5 215491612
1 2 3 4 5
5 404337024
1 2 3 4 5
5 557358685
1 2 3 4 5
5 678837649
1 2 3 4 5
5 78524880
1 2 3 4 5
5 367569247
1 2 3 4 5
5 58446594
1 2 3 4 5
5 774735266
1 2 3 4 5
5 719664856
1 2 3 4 5
5 497790575
1 2 3 4 5
5 797276125
1 2 3 4 5
5 330194493
1 2 3 4 5
5 434927272
1 2 3 4 5
5 862537616
1 2 3 4 5
5 599931609
1 2 3 4 5
5 643828074
1 2 3 4 5
5 944759520
1 2 3 4 5
5 691658097
1 2 3 4 5
5 925853248
1 2 3 4 5
5 602169636
1 2 3 4 5
5 852877076
1 2 3 4 5
5 828642187
1 2 3 4 5
5 96877805
1 2 3 4 5
5 939137902
7 10 4 6 25
5 843466534
8 14 20 8 1
5 785916520
21 9 18 11 5
5 298629699
22 25 12 19 19
5 935549567
16 3 4 20 21
5 674810869
22 12 10 9 3
5 9741065
24 1 20 4 3
5 383010129
20 11 17 8 16
5 156386495
24 20 12 7 12
5 34662850
15 25 22 5 14
5 92870874
13 6 17 14 6
5 19512165
20 11 14 24 12
5 195666929
21 8 19 14 6
5 939430001
15 4 7 1 4
5 799712076
3 4 10 23 23
5 185633488
24 14 14 24 11
5 3530788
9 21 17 25 18
5 865883349
14 23 17 19 16
5 5964992
22 15 22 1 24
5 620143798
21 15 19 7 13
5 560574696
18 6 1 19 13
5 382292814
22 13 23 8 8
5 917899531
3 13 13 5 16
5 297714253
14 7 22 9 6
5 600333670
10 18 11 9 5
5 102797452
19 19 12 3 10
5 321362128
5 18 20 12 17
5 277520457
3 13 4 19 18
5 226616075
20 24 10 20 15
5 481626687
8 3 18 6 19
5 796577913
12 24 19 3 16
5 830913009
7 14 20 13 6
5 388706617
8 23 17 6 20
5 709234314
12 13 10 3 2
5 171401908
19 23 2 9 24
5 513187874
19 19 6 7 16
5 485890458
10 3 11 10 2
5 46523200
23 8 16 12 1
5 26343705
24 5 16 7 23
5 773844028
1 14 19 15 22
5 427105538
14 20 12 5 14
5 194405893
8 17 4 25 16
