100
1
19
23
1998
1101
990000
99
10010
1099
9
432109
100001
999999
900001
65536
22
999
10001
1000000
199
1001
989999
2002
99001
900000
1111
9999
111
899999
10100
90
999991
19
998999
999001
1110
123456
789012
987654
11111
100
2201
1999
200
29
11100
11
999998
1000
10
11000
10101
11101
999989
21
262144
10011
900
999990
100000
4
99000
999899
999901
201
1100
2200
101000
2001
30
12
101001
8192
2101
901
32
2000
102
10110
11110
999900
20
10111
11011
16
110
990001
654321
12001
91
11010
999000
2100
101
12000
10000
10999
11001
7777
31
