100
2
163 1 328634611
97 1 16595538
2
284 1 863351323
177 1 972848350
2
3 1 713396110
19 1 508039792
2
171 1 881569879
45 1 142779365
2
275 1 367535370
259 1 185757735
2
315 1 140556580
111 1 959761409
2
302 1 89334427
152 1 148678900
2
73 1 73221608
283 1 194153897
2
264 1 938743242
23 1 604966457
2
277 1 974661598
52 1 480956932
2
117 1 476133748
173 1 149437056
2
122 1 22240159
32 1 510083307
2
230 1 771442893
124 1 750813785
2
273 1 782914921
245 1 839539295
2
81 1 632557773
326 1 77437905
2
54 1 179531587
86 1 932796839
2
89 1 809223343
207 1 962282370
2
288 1 153939864
1 1 883726588
2
246 1 629845384
127 1 35977463
2
315 1 736264192
47 1 554347271
2
252 1 103153620
154 1 958431448
1
180 2 1
2
116 1 954476424
6 1 924207797
2
56 1 392856337
140 1 352183659
2
223 1 681501011
212 1 342826757
2
214 1 490630856
85 1 756382375
2
31 1 837971646
177 1 167701581
2
12 1 1000000000
57 1 764938146
2
157 1 126838164
48 1 586198671
2
19 1 231819330
53 1 787032254
2
229 1 940503074
328 1 461221851
2
71 1 745625456
102 1 883708543
2
36 1 400037183
262 1 115042122
2
68 1 555184051
113 1 410662848
2
236 1 384088788
212 1 530210536
2
268 1 298634374
188 1 117994098
2
153 1 30674184
198 1 590667552
2
337 1 206803072
106 1 40378421
2
16 1 495195033
218 1 802588197
2
98 1 834598466
18 1 134290188
2
356 1 400000000
51 1 471197411
2
251 1 772041377
322 1 169375148
2
8 1 114335128
351 1 532215515
2
93 1 347612078
248 1 492055727
2
320 1 901696921
135 1 989556705
2
339 1 154978113
239 1 357518016
2
284 1 866965533
129 1 1885835
2
201 1 252979177
280 1 11468256
2
104 1 796051093
348 1 420035486
2
69 1 890282424
92 1 772443483
2
300 1 258209366
115 1 388385093
2
95 1 851936859
319 1 871773958
2
70 1 172841613
306 1 338624355
2
101 1 494537762
262 1 126083726
2
184 1 638705385
315 1 556603494
2
241 1 376583
245 1 71113647
2
106 1 346695917
33 1 211512441
2
265 1 96655362
191 1 852513578
2
157 1 71133
359 1 40000
2
233 1 264328954
41 1 972424207
2
180 1 30
180 1 10
2
143 1 214563795
46 1 478965422
2
284 1 741295225
359 1 710517823
2
212 1 210724381
151 1 743494938
2
286 1 788228431
172 1 605231327
2
72 1 316106378
302 1 813368430
2
48 1 907835752
349 1 914973897
2
260 1 613890275
8 1 394838793
2
336 1 825604155
349 1 595717988
2
314 1 981539358
299 1 156778983
2
155 1 133730576
99 1 206096776
2
275 1 446819206
191 1 553133485
2
127 1 486156441
178 1 931236841
2
106 1 694670493
262 1 374835961
2
352 1 271991545
60 1 21063188
2
12 1 649886415
358 1 932901485
2
48 1 329698015
60 1 369020280
2
215 1 326533107
264 1 781572650
2
34 1 776818752
238 1 271036589
2
240 1 351159522
292 1 123288248
2
235 1 568717675
331 1 251114981
2
258 1 582299497
357 1 840186942
2
352 1 732545371
215 1 40887744
2
60 1 112238120
331 1 847176637
2
346 1 713334135
28 1 427930818
2
134 1 148302083
254 1 145488191
2
76 1 231621917
205 1 196866788
2
139 1 441257607
289 1 549482096
2
214 1 980513056
107 1 321620832
2
164 1 152205427
358 1 829839470
2
134 1 194437153
57 1 37508607
2
180 1 1
180 1 100000
2
357 1 806789174
198 1 407302711
2
184 1 693322945
45 1 816753407
2
78 1 236067529
355 1 318802519
2
143 1 126463300
205 1 89298855
2
233 1 501817282
4 1 195718501
2
206 1 794407196
140 1 937760197
2
169 1 779832727
136 1 147515665
2
33 1 765082115
97 1 142584314
