100
10 10
60434 5 973457422 69034 7 53682 8 80727 2 43510
5 8
4 9
5 7
7 9
1 3
4 6
7 9
2 5
2 5
1 6
6 5
789153880 909993148 1 49446 164446751 8
3 3
1 5
0 5
5 5
0 1
2 10
8330 640356906
0 1
0 0
0 1
1 1
0 1
1 1
1 1
0 0
0 0
0 1
10 10
74666 10 798742637 226117300 8784 705242653 33021 10 311971267 20197
3 6
1 1
1 2
0 4
8 9
3 9
2 3
2 9
3 6
1 3
9 6
534050034 12545 6 617956892 9 8 76466 10 799027374
2 3
6 7
4 7
7 7
0 4
0 0
2 1
403515740 39208
0 1
10 10
7 1 9321 856639365 1 394722571 9 3 49997 5
2 7
3 5
1 9
2 5
1 1
1 9
0 4
4 9
7 9
1 9
10 10
487 19929 63709 495820042 4 978495143 958303167 18039 87693 905595640
2 4
0 6
0 2
3 4
2 3
3 8
2 6
0 1
3 9
2 7
5 5
48182 726794152 76166 25992107 95862
1 1
1 3
3 4
0 4
0 4
10 10
1241 317853284 484383187 45238 39977 19131 75338227 366082836 399795301 3685
7 9
2 3
4 5
2 4
2 3
8 9
3 7
2 5
7 8
8 9
10 10
7462 46533 6 6 999019179 126586441 66797973 693955756 53220 4
1 7
6 8
0 9
4 7
2 5
4 5
4 6
4 8
1 5
0 5
5 2
586400542 53094 9 90373 90557
0 0
2 4
7 10
481218452 75563627 448956223 320678369 25583 2 4
1 4
0 2
0 3
0 3
0 6
4 4
0 2
0 5
0 4
4 6
10 10
703503484 74830 87535 462831168 61056 574965809 47984 76387 3 1
2 7
1 3
1 4
4 4
0 2
4 6
1 5
0 5
5 9
1 2
10 10
5 86146 221110217 63393489 50289 8 3 13738 39897 24614
3 9
3 9
3 5
4 9
1 4
2 5
6 7
4 5
3 6
7 9
10 10
21219977 76707 223592198 58373674 541297872 1 3 3 5 452781120
1 8
1 5
0 5
2 9
0 4
6 7
7 9
8 8
8 9
0 8
7 7
57615 61443 917776532 461490822 53708 5 5
0 1
1 4
1 4
1 2
2 5
1 5
2 5
6 4
7 399555917 800459706 468879313 280410231 24069
2 2
0 0
0 4
2 4
10 10
2629 74377 63817 98370035 7 4 83646 690722284 2 7
2 4
0 0
1 2
1 4
4 9
5 6
4 6
3 8
0 8
0 5
3 7
556244582 1 297608917
1 2
0 2
0 2
0 2
2 2
0 0
0 2
10 10
428185962 86889 734335698 4 269223291 109884999 969679078 54963 58124 88163
0 4
8 8
8 9
3 4
3 5
3 7
2 5
5 7
7 9
6 8
1 2
28406375
0 0
0 0
3 6
92002 1 3
1 2
1 2
0 1
1 2
1 2
0 0
4 2
974666637 691581454 1 77948
2 3
0 0
7 4
8 10 8 14076 6 83666 31492
0 1
1 2
0 0
1 5
5 1
5 72074 7 688779827 4
1 2
10 6
3 5 76613 4 63325 1308 257271401 516001760 76155 40491940
4 4
1 8
2 3
0 7
0 6
6 9
6 6
65851 4 411914727 44871 966216301 10023017
1 5
2 4
3 4
2 3
0 5
1 4
5 4
8888 5 842537484 5 26412
0 1
1 4
0 2
4 4
3 3
162255632 267836683 7
2 2
1 2
0 2
10 6
256445531 91685 25270 435070884 2 31482 504998005 970346431 2 21502
2 6
4 5
4 5
3 9
4 7
7 8
6 6
7 8 568888978 1 2 701719928
1 3
0 3
0 3
2 4
1 5
0 5
6 5
59269 51163 3 232291303 8 3
4 5
2 3
1 4
2 4
0 1
5 1
83251 505898222 15945 63185 129791104
3 3
5 2
17842 93579 96870764 3 331241357
0 1
3 4
5 9
18411 5 3 696739100 672841418
1 2
0 1
0 2
0 3
0 1
2 4
2 2
0 3
0 2
5 5
72991 1570 190507042 177192897 18037330
0 1
1 3
0 1
1 4
3 4
7 2
8 6 4 34370584 10 907181218 924420055
1 4
2 3
3 9
3 46233 35330
2 2
1 2
0 2
1 2
0 2
1 2
1 2
0 0
0 2
10 10
5 86056 1405 56108662 9 1 6969468 59165 3 4
5 7
0 2
1 3
1 9
0 2
6 6
3 8
9 9
0 6
2 9
3 3
1000000000 32767 1
0 1
1 2
2 2
8 7
10 79533320 7 23088 73283 10 10 98071811
1 5
0 5
1 3
3 6
1 5
1 4
0 3
5 8
10 59483 22449 563590969 10
0 4
1 1
3 3
1 2
0 0
2 2
4 4
0 2
10 10
4 3 81238 1 322359560 7977 4 37524374 3 9
0 6
3 7
2 6
5 6
0 4
2 9
6 6
4 9
5 8
3 6
1 5
19668
0 0
0 0
0 0
0 0
0 0
4 7
254615092 2955 65640 81971
0 2
3 3
0 1
1 3
1 2
0 2
0 2
1 1
17022
0 0
6 3
5 7 885015043 903607726 8 61217
1 2
1 1
2 5
6 9
18928 8547 939625158 7999055 8 632834709
0 3
0 1
2 5
1 4
2 4
4 4
2 4
0 5
0 1
8 10
9 5 8 317369105 60616000 5 338423007 894487007
3 4
5 7
2 7
0 0
1 6
2 7
1 5
5 7
4 4
1 2
1 1
1000000000
0 0
2 3
4 786882373
0 1
1 1
0 1
1 9
318525235
0 0
0 0
0 0
0 0
0 0
0 0
0 0
0 0
0 0
4 7
4 76467 9 28049
1 3
0 3
0 3
0 2
0 1
1 2
1 3
5 1
5 7 43642 89409 3
2 3
3 4
449529546 37213 32748240
0 0
1 2
1 1
1 1
10 10
44878 6 818566831 39675 888182997 26356 631491259 870 927666724 856184255
0 4
1 2
2 5
2 8
4 9
8 8
4 8
7 7
8 8
2 2
6 1
740241796 269869010 269420386 78470058 19356 744673938
3 5
6 5
63807 724940371 997587573 700254093 2 380470569
4 5
2 5
3 4
1 5
2 5
2 4
15124 3
0 1
0 1
0 0
0 0
7 1
8 2 6 957486228 373648880 39909 8
2 6
3 3
3 1 83311
1 2
1 2
2 2
1 5
5
0 0
0 0
0 0
0 0
0 0
10 10
497439059 17393 34406 55175 7 56420 401386610 984177508 1385 77943
1 4
6 9
2 4
0 4
6 9
7 8
2 6
1 9
2 3
4 8
4 7
352103833 550608512 228369146 567253401
3 3
0 0
0 1
2 3
0 1
0 1
0 2
10 10
905514228 516984992 1 988838405 394637925 9 2 746154450 3 78699
4 6
7 8
4 4
2 9
0 5
2 8
3 9
5 7
0 7
4 7
10 6
2 847950484 4 76530 20019 48825 2 5 475704397 8
1 8
2 5
3 8
1 1
0 7
3 9
5 7
2 32471 4 7 218713841
1 2
0 1
0 2
0 1
0 2
0 3
0 0
5 8
6 8868 69644 121565849 730084620
2 3
0 4
3 3
3 4
3 4
1 4
0 2
1 1
1 2
327744635
0 0
0 0
7 3
267 7 86309 7 61723522 72683 2
0 0
2 3
4 5
4 6
861414694 682025539 756712056 51345
1 2
1 2
2 2
1 1
1 3
2 3
5 5
815322776 1 45164 61600 35598
3 4
4 4
1 2
0 3
2 4
10 10
3 2 10 39435 15950 484355155 3 60421 60148 593712250
3 9
3 6
5 8
5 9
1 4
0 1
5 9
4 6
2 3
0 7
6 5
10 4 12128 5 2 5
1 3
1 5
4 5
4 5
2 4
5 8
305255454 3 79113 349802971 253079050
0 2
0 3
2 2
0 2
3 4
0 3
2 2
2 2
2 2
3 5
0 1
1 1
3 3
354353425 453523523 543557893
0 1
1 2
0 2
3 3
65148566 428360016 825120145
2 2
0 2
0 1
3 5
691878000 25410 430759837
1 1
1 1
0 1
0 2
0 1
5 2
957060461 200121202 7820 9 1
3 4
1 1
10 10
40570 3 94254 7 2419 10 7 22853 4 60244
1 2
1 9
3 5
7 8
1 9
1 6
2 6
0 8
5 8
0 7
7 1
8 92351 65714 710154282 6815 66375 39302
1 6
4 9
9 91553 371793622 552414017
1 1
0 2
0 3
1 3
0 2
2 3
0 3
1 3
1 2
10 10
28252 370905632 749276800 5 1 6 55805 176121720 37989 5
7 9
4 6
4 8
1 3
5 8
6 9
6 8
4 7
4 5
0 9
3 2
1 2 3
0 1
1 2
10 10
15530 36915 78013 41065 999606425 98026 51973 792518239 4 161310732
9 9
3 3
5 6
2 3
1 6
0 7
3 6
7 7
0 9
1 4
4 2
44617 96872 580681309 54010
0 3
0 2
10 9
51616 57119252 15525 60510 8 55107 555322848 167376565 9 56598
1 5
0 1
1 9
0 3
3 7
8 8
3 4
4 4
4 8
9 8
15121 2 4 80963 22818 20662 4 3 415316892
2 8
5 8
0 6
5 6
5 7
4 4
8 8
6 7
2 1
2 5
0 0
9 2
730058002 355560441 347170502 4251 418932275 519691179 9 91032 1
6 8
0 1
10 10
37495 323840039 763530008 826858136 529707830 55321 74932 47173 21470 6
7 8
4 9
1 4
0 1
4 7
0 1
0 3
6 6
1 8
0 1
3 3
110445521 32825 408795496
0 0
1 2
1 2
9 7
9 45051 839017513 13301 88644 10 10 5 90562410
0 3
4 8
3 8
0 4
1 4
2 8
0 3
1 6
84885
0 0
0 0
0 0
0 0
0 0
0 0
3 4
1 46582 1
0 2
1 1
0 2
0 0
2 2
1 4
0 0
0 1
3 8
74232 670666776 472745035
1 1
0 2
1 2
1 2
0 2
1 2
1 1
1 2
10 3
280415764 20063 5 142215339 51819 106028249 36964 38988 151192604 6
3 8
0 7
1 8
