10
100 100
30 1 138
78 88 7
20 76 6
1 0 144
70 97 8
18 79 499
56 61 489
67 23 676
85 62 679
50 57 337
40 24 9
71 88 10
0 42 2
81 0 165
33 0 5
60 74 527
79 93 9
65 17 314
15 7 509
72 94 923
82 69 282
77 34 9
23 78 7
80 90 3
84 0 812
23 96 68
37 49 875
47 78 204
65 37 297
22 31 557
76 23 8
77 51 10
57 2 3
15 19 8
61 42 588
35 23 389
58 89 3
54 76 10
0 98 5
58 29 633
69 58 6
48 25 250
74 38 7
63 89 4
5 16 917
2 43 6
94 75 954
93 45 3
14 19 10
70 0 1
73 91 948
44 19 191
77 32 133
73 63 828
21 16 3
58 37 3
90 41 329
41 66 468
55 57 390
19 97 6
33 59 508
93 95 1
30 0 6
10 80 9
94 9 246
76 16 4
77 52 320
53 63 9
57 20 7
4 0 8
70 13 671
62 54 3
46 77 249
45 16 9
10 8 3
21 70 4
69 12 627
64 79 644
77 6 10
51 16 5
45 92 3
40 43 6
3 78 344
87 40 3
27 70 100
28 45 754
36 20 94
74 16 10
20 86 5
63 51 7
31 47 284
39 7 704
8 94 241
68 27 22
45 11 4
16 10 4
83 24 98
32 99 678
16 26 2
25 26 815
100 100
95 45 3
51 42 1
8 27 7
87 22 2
88 53 845
59 86 12
50 51 3
97 13 69
77 87 9
27 15 4
36 15 722
20 45 2
48 49 1
99 38 1
22 19 6
72 67 3
87 64 4
10 38 5
26 63 3
64 26 9
91 44 94
63 40 916
49 10 1
80 22 8
58 10 6
7 88 627
20 1 622
16 67 817
74 61 4
43 58 347
1 0 640
68 62 9
84 11 539
17 85 268
46 75 416
9 68 4
58 17 59
16 57 551
10 44 3
13 51 5
14 24 901
38 71 488
79 34 60
30 87 760
9 35 546
47 59 126
75 19 723
29 87 9
77 54 10
82 32 201
51 41 510
52 89 907
64 83 9
79 90 732
22 10 8
2 49 6
23 45 544
27 98 310
84 0 4
64 96 3
12 94 22
18 80 361
0 86 4
48 0 10
51 5 641
44 65 6
2 68 10
49 55 5
24 77 6
21 24 175
86 3 408
87 7 4
74 69 207
31 13 507
48 50 6
60 8 9
22 67 7
42 78 920
50 70 4
74 10 2
73 28 3
90 86 8
12 86 928
50 66 407
51 39 947
76 93 619
44 37 451
49 56 14
74 20 4
99 4 738
8 10 8
92 73 830
48 81 6
75 33 214
38 25 718
32 64 657
89 87 744
73 27 9
63 93 387
85 6 931
100 100
24 64 10
42 24 4
3 60 948
48 15 525
98 52 2
4 96 589
55 85 9
26 48 193
80 66 1
84 65 522
13 77 53
37 76 940
22 57 468
12 41 655
27 80 2
38 33 2
4 55 450
37 87 8
11 90 725
0 32 2
2 75 944
0 1 69
49 32 9
0 30 6
43 99 9
82 4 955
56 22 902
31 10 289
5 9 9
17 48 83
29 10 668
88 89 928
22 3 970
43 36 10
68 69 3
99 84 1
5 0 10
89 94 959
97 0 3
64 86 950
98 26 8
74 65 970
23 26 4
45 22 963
81 37 7
47 77 582
80 52 6
59 18 935
72 27 477
79 78 9
5 39 1
53 24 995
78 77 700
0 38 9
0 80 9
70 98 10
68 7 591
44 22 222
94 23 591
62 32 10
95 73 519
21 58 7
52 68 4
73 46 10
13 92 264
18 58 5
5 40 10
32 12 502
10 38 4
46 35 244
32 46 10
52 71 1
34 87 811
37 51 113
54 63 114
6 80 9
16 58 1
67 85 475
28 33 720
75 55 2
61 78 479
11 91 168
54 26 3
36 90 30
37 14 226
0 43 7
49 83 890
1 64 34
10 3 6
9 24 6
58 37 3
71 50 3
79 43 3
85 18 6
93 20 940
5 58 10
25 67 685
67 8 401
39 19 192
97 20 6
100 100
16 57 760
59 50 784
94 52 1
26 68 718
17 82 140
30 1 5
70 15 5
80 94 686
25 73 6
65 45 874
31 78 401
22 6 883
0 73 8
20 21 78
93 48 36
36 83 148
83 92 3
55 48 108
39 43 880
7 41 120
66 47 255
10 53 5
45 18 7
83 23 7
30 71 8
85 54 247
56 24 9
24 99 155
70 95 1
67 23 6
74 5 7
87 97 206
51 1 501
2 18 12
79 90 642
9 88 532
92 74 3
37 74 6
68 86 201
14 79 995
0 94 6
28 69 6
23 96 832
13 17 80
74 38 5
79 64 406
60 44 871
0 58 9
63 53 105
33 12 660
58 53 8
66 89 10
29 70 646
49 40 6
82 3 169
35 38 4
23 11 113
10 9 2
3 76 821
44 93 8
43 66 10
8 5 5
87 64 10
66 72 444
58 27 712
84 67 700
25 31 5
38 24 5
43 50 8
18 89 6
19 4 1
93 38 5
4 40 1
69 43 1
32 10 8
87 53 9
63 45 43
20 93 3
61 96 909
1 92 6
77 92 4
81 71 898
74 53 9
71 41 296
12 50 552
87 4 7
18 62 911
68 87 2
42 49 515
34 10 175
85 40 19
67 57 250
17 94 738
75 22 7
70 66 6
4 46 585
69 20 6
92 98 653
31 91 45
66 22 2
100 100
65 80 888
98 82 909
79 56 10
9 11 633
9 38 7
24 92 1
13 42 290
41 42 513
82 67 10
72 31 405
48 89 7
14 30 2
58 90 4
56 68 958
43 66 236
90 38 8
89 59 3
92 38 1
68 73 886
64 77 785
74 90 3
61 17 700
41 78 4
53 26 26
1 67 12
81 10 935
54 7 375
83 92 2
45 43 241
10 23 1
19 51 3
2 96 655
87 16 224
71 99 6
77 19 9
90 2 6
34 74 2
93 64 253
54 74 2
68 18 270
86 90 809
4 51 214
26 57 2
89 35 8
1 0 34
91 89 867
83 52 544
27 36 831
20 41 10
0 57 2
21 94 853
67 38 10
84 23 963
95 47 569
89 38 5
29 32 36
39 65 864
10 56 10
56 43 7
65 59 9
78 87 264
74 61 8
67 40 5
79 55 427
5 95 486
38 85 3
63 95 269
19 56 8
30 22 177
90 75 10
78 92 9
57 33 5
55 44 642
67 27 9
62 69 83
85 3 59
10 76 6
28 38 390
21 88 327
10 97 33
54 60 517
99 5 3
70 73 929
89 49 9
96 31 659
74 6 392
12 78 4
82 69 8
85 37 1
20 25 5
89 51 7
23 14 8
29 92 10
15 77 43
89 0 6
58 8 933
92 46 417
99 74 7
91 50 473
88 35 10
100 100
18 46 10
74 63 4
68 80 10
47 36 284
63 75 1
91 17 3
85 59 879
88 23 808
28 95 8
93 1 648
8 30 789
54 6 830
76 44 171
27 36 549
49 14 2
92 26 279
49 33 6
23 46 1
73 96 5
82 40 943
51 22 166
3 58 4
98 42 246
54 19 54
12 5 501
16 35 152
39 99 2
66 4 295
53 67 4
57 56 471
32 95 25
87 93 4
43 63 2
23 15 282
90 67 410
93 23 8
61 23 244
99 75 8
0 20 862
80 7 9
23 67 4
48 87 2
16 51 623
50 24 1
20 49 5
3 52 460
70 38 542
75 23 3
91 20 5
78 84 826
79 12 722
65 59 9
94 95 2
81 29 1
71 77 9
16 55 874
27 12 6
8 10 950
7 75 3
99 60 6
56 25 961
49 58 6
41 49 400
65 27 10
96 75 1
78 63 8
18 71 4
56 20 1
49 95 9
17 24 2
58 69 10
52 20 476
65 98 7
24 54 501
91 62 187
9 93 98
37 60 710
64 15 767
65 20 1
72 76 17
82 33 7
51 78 1
68 2 66
21 63 63
45 65 462
70 13 68
86 31 537
4 97 359
98 92 10
23 91 10
76 21 973
83 95 650
14 89 898
86 75 917
59 11 4
73 34 138
33 81 6
66 77 10
99 13 802
30 49 1
100 100
0 31 8
8 9 4
47 60 965
78 54 121
15 42 412
23 91 439
72 40 97
19 10 164
22 16 8
99 63 10
78 49 1
39 62 828
11 99 56
93 61 250
14 12 662
37 77 41
47 83 857
1 0 907
47 20 8
47 22 4
3 69 8
18 3 856
52 89 10
52 66 471
76 86 529
82 78 5
32 16 472
78 22 9
1 92 883
76 51 7
37 41 1
36 4 5
82 72 6
46 49 3
76 43 356
80 11 381
92 22 10
28 18 603
48 46 4
46 30 410
25 38 546
90 12 9
31 12 1
84 20 279
43 73 511
22 65 9
78 53 10
95 98 878
34 46 701
68 35 492
31 81 2
74 81 9
79 50 483
62 17 778
58 87 710
96 51 6
51 55 3
87 70 934
58 75 4
48 6 34
8 26 7
3 57 642
78 52 6
46 69 4
37 25 7
94 78 562
72 71 739
58 47 2
29 22 8
89 95 599
16 64 5
29 2 117
67 99 3
99 93 419
93 91 871
89 24 1
41 8 3
67 46 1
59 8 653
50 75 10
97 20 916
16 85 1
13 46 830
26 56 55
36 78 8
7 62 1
51 10 983
31 35 2
99 44 2
8 52 10
46 45 417
7 78 2
12 33 1
21 47 1
0 78 4
24 88 486
42 49 1
51 47 3
12 5 673
27 51 867
100 100
55 14 8
8 29 9
47 71 693
3 67 154
4 97 2
19 60 8
97 54 509
46 52 4
33 31 449
63 23 33
75 84 477
27 93 3
5 4 8
22 48 267
0 58 10
32 86 3
49 53 503
32 77 224
29 66 5
19 44 4
60 3 760
83 46 8
81 16 865
4 48 3
48 72 1
90 42 2
95 16 693
99 96 172
66 79 561
21 94 79
0 1 792
13 60 31
11 40 541
64 59 252
7 55 44
54 45 130
60 33 8
43 98 301
55 48 2
39 46 785
30 67 155
46 21 10
37 41 6
95 89 9
90 48 9
9 72 10
74 87 141
19 0 3
6 69 14
70 72 587
60 61 924
95 36 992
43 99 867
18 91 875
38 71 629
76 89 1
38 21 2
26 48 577
10 57 9
56 80 240
48 93 1
48 1 786
88 18 5
37 29 6
75 51 712
24 0 801
34 35 205
73 15 622
33 49 7
4 0 2
62 31 427
15 27 3
28 0 690
44 17 10
87 92 173
65 2 443
40 2 7
57 80 8
8 20 7
20 0 9
0 63 10
76 99 10
88 78 861
50 89 7
25 67 259
2 20 1
10 92 9
50 12 25
86 60 10
20 85 619
29 10 10
18 63 3
59 18 6
42 75 858
69 16 939
48 34 3
68 55 62
3 82 692
8 21 3
58 50 10
100 100
94 97 54
80 19 10
31 41 91
18 38 364
8 98 420
19 39 766
52 3 127
89 90 989
45 82 8
96 35 7
29 53 4
70 71 618
10 87 8
62 44 134
91 84 10
5 56 429
32 28 6
55 2 650
52 10 7
54 89 9
16 73 2
69 18 867
88 76 709
20 85 544
62 49 752
10 65 9
92 87 4
55 98 459
31 12 3
24 99 932
43 47 830
9 47 452
45 29 2
11 92 597
80 71 105
35 4 7
75 28 10
83 81 660
69 1 642
20 58 7
43 62 9
30 81 6
52 31 7
1 0 658
28 93 860
68 99 4
80 57 2
17 95 323
48 30 436
79 15 876
98 37 188
7 65 9
33 47 161
28 66 756
4 72 2
42 68 2
59 75 2
18 22 759
0 53 6
7 42 4
56 4 1
30 19 7
98 36 75
94 56 4
61 64 29
23 65 1
72 17 944
21 96 5
94 79 2
96 84 9
21 73 8
75 87 9
13 90 168
78 35 364
56 46 528
0 75 2
43 74 703
63 99 270
51 30 843
14 6 9
31 62 8
61 35 8
55 26 71
43 86 187
55 40 620
65 58 5
53 77 703
0 96 9
34 81 81
25 31 958
73 19 2
69 21 1
4 14 7
90 42 4
23 67 789
50 14 5
53 98 4
88 19 10
60 35 554
27 18 581
100 100
84 47 742
62 72 3
70 11 249
37 68 459
74 64 8
41 88 978
64 4 450
38 76 431
59 79 802
0 21 86
88 92 3
89 6 320
88 55 3
37 34 9
84 3 4
97 94 680
33 45 3
87 7 540
91 7 1
3 59 7
89 33 2
14 85 604
88 57 1
52 88 6
97 17 395
8 10 478
1 69 5
99 43 673
46 24 227
72 23 2
61 27 801
48 65 70
89 74 6
75 77 6
73 12 159
65 82 953
94 24 903
56 45 450
26 32 2
90 10 2
83 95 106
60 37 5
55 76 7
55 77 8
23 19 7
55 10 10
15 74 4
61 13 829
74 17 1
74 53 5
80 56 279
69 91 2
60 62 4
5 16 2
42 85 5
85 50 479
85 48 635
66 89 564
85 27 6
91 74 3
92 9 6
5 72 3
34 81 324
30 72 2
92 71 5
73 22 691
91 3 1
63 60 950
25 85 479
45 22 887
49 86 934
78 49 454
90 99 3
74 74 1
75 93 669
34 21 9
51 33 536
91 37 5
11 55 149
90 31 7
18 1 2
58 53 198
26 67 8
92 20 999
60 95 441
28 15 7
42 39 285
2 99 634
96 21 577
23 27 8
40 3 786
26 64 7
88 74 6
86 69 6
54 85 613
71 44 233
35 88 9
32 29 897
52 98 425
3 36 52
